0 6.147015399620266
1 4.694459737558164
2 3.968998517308983
3 3.5984911877768124
4 3.4121300392485434
5 3.2899921137912798
6 3.188597905377041
7 3.118612123399353
8 3.0669497253322255
9 3.0257197028561036
10 2.991483299265149
11 2.9664386758032273
12 2.9416591115101096
13 2.924838732432848
14 2.9077404153967485
15 2.8948422961425098
16 2.881916294543657
17 2.8679329401371674
18 2.8564484508522865
19 2.8468542321594517
20 2.836906611033359
21 2.8280902583509278
22 2.819631610673464
23 2.8084559344184026
24 2.8011287269726632
25 2.794834781560461
26 2.785035737555962
27 2.775590430397164
28 2.7675518568956994
29 2.7588377636827066
30 2.7501386138069788
31 2.7408927191438486
32 2.7357828119696053
33 2.7264581140314244
34 2.717040845025525
35 2.7088236879783207
36 2.7014075961975412
37 2.6889061115510007
38 2.680221809467907
39 2.6707594450383887
40 2.6607782607635655
41 2.654091849981207
42 2.644222064493711
43 2.631533045679438
44 2.61933120989577
45 2.611257705724601
46 2.6001171687541746
47 2.589006709516463
48 2.5782657328042604
49 2.5673331455870083
50 2.55429188217957
51 2.5426728341182847
52 2.5306310564749936
53 2.517820652786725
54 2.5063376987370782
55 2.492644266239216
56 2.479946719383226
57 2.466439294325746
58 2.4541350149799848
59 2.43880899929443
60 2.423420176124552
61 2.4085327513042345
62 2.39260719558516
63 2.3797604481743875
64 2.3630388622905896
65 2.3466467632803907
66 2.330719903749542
67 2.313785368189867
68 2.2970693968347375
69 2.2795866408288306
70 2.26163631193339
71 2.244521822851293
72 2.2250063254884442
73 2.2079381099017312
74 2.187946429396137
75 2.1653698409652695
76 2.147590157991581
77 2.125906530241406
78 2.1062451408282565
79 2.0813929788422803
80 2.0615116020233804
81 2.038697494190781
82 2.0162625651288444
83 1.992230809281166
84 1.9695641745560502
85 1.9446456919194568
86 1.9202781305672743
87 1.8957386645720677
88 1.8722820952899015
89 1.8500836466224237
90 1.8269060741565462
91 1.8042558061368263
92 1.7863805698263722
93 1.7672701820575762
94 1.7521159066647283
95 1.7387901116106144
96 1.7303686262170157
97 1.720220797083323
98 1.72083146810387
99 1.7156794903536496
