0 5.171108547827582
1 4.0687663651164625
2 3.6539772688952956
3 3.418538447527485
4 3.26176004500448
5 3.146934387016006
6 3.0621766393941305
7 2.9883600159902035
8 2.928512343985988
9 2.8813250202355336
10 2.835847017651559
11 2.8031191031515252
12 2.768289464558796
13 2.737678100469305
14 2.713051501653819
15 2.6912754006229993
16 2.670114892661249
17 2.6508464287287437
18 2.6311351619469145
19 2.6161265675548506
20 2.600073701688211
21 2.5842742517175403
22 2.569973898661479
23 2.5561605087872894
24 2.544283320589544
25 2.5306023473065
26 2.5194556958976486
27 2.5105379299010053
28 2.4953333788041054
29 2.4848251804873
30 2.4733008222265744
31 2.4647436320844003
32 2.4555202566440983
33 2.4437473456378367
34 2.4370704817800775
35 2.4291147579120325
36 2.4160729723937227
37 2.4103082871693458
38 2.400202563861158
39 2.391253407107214
40 2.3828516862212
41 2.3739543675021384
42 2.366125181939875
43 2.358936252931213
44 2.3513014325552803
45 2.3417926860617135
46 2.3330331230830317
47 2.3243679564759487
48 2.319099056156094
49 2.3069600458041086
50 2.301057027518233
51 2.293704370431575
52 2.2856884913454207
53 2.275063322167926
54 2.2684559319209576
55 2.2606517526552468
56 2.2530398259653603
57 2.2447253094474195
58 2.235755609275015
59 2.2305549077114657
60 2.2206195588868973
61 2.213173594260296
62 2.2028935840520734
63 2.1963478716752727
64 2.1872687063430005
65 2.179889494279947
66 2.1717025040019795
67 2.1639130286208257
68 2.1573531162844066
69 2.1489400163268333
70 2.1397811551153816
71 2.1325361614480416
72 2.124807699830418
73 2.116848695170856
74 2.1104759143541414
75 2.1011183571274494
76 2.093955681230729
77 2.0862882214098066
78 2.0804338437917567
79 2.0740515652969087
80 2.065983901684468
81 2.058971767225701
82 2.0518422969679193
83 2.0463012334798023
84 2.039891970310435
85 2.035830092009894
86 2.0297889838274483
87 2.025557026365484
88 2.019401392727391
89 2.016465889213643
90 2.0126516968979664
91 2.009024585878903
92 2.0065492651329118
93 2.0032778805386573
94 2.001310673699022
95 1.9987953506272012
96 1.9965746932973087
97 1.9979112811327833
98 1.9978310534870156
99 1.9953507629630818
