0 0.09997532801828658
1 0.09990133642141358
2 0.099778098230154
3 0.0996057350657239
4 0.0993844170297569
5 0.09911436253643445
6 0.09879583809693737
7 0.09842915805643156
8 0.09801468428384716
9 0.09755282581475769
10 0.09704403844771128
11 0.09648882429441258
12 0.09588773128419906
13 0.09524135262330098
14 0.09455032620941839
15 0.09381533400219318
16 0.09303710135019719
17 0.09221639627510075
18 0.0913540287137281
19 0.09045084971874738
20 0.08950775061878452
21 0.08852566213878947
22 0.08750555348152299
23 0.08644843137107058
24 0.08535533905932738
25 0.08422735529643444
26 0.0830655932661826
27 0.08187119948743449
28 0.08064535268264883
29 0.07938926261462366
30 0.07810416889260653
31 0.07679133974894983
32 0.07545207078751857
33 0.07408768370508577
34 0.07269952498697733
35 0.07128896457825364
36 0.06985739453173903
37 0.06840622763423392
38 0.06693689601226459
39 0.06545084971874737
40 0.06394955530196147
41 0.062434494358242734
42 0.06090716206982714
43 0.05936906572928624
44 0.05782172325201155
45 0.056266661678215216
46 0.05470541566592572
47 0.05313952597646568
48 0.05157053795390642
49 0.05
50 0.04842946204609359
51 0.04686047402353433
52 0.045294584334074295
53 0.0437333383217848
54 0.042178276747988463
55 0.04063093427071377
56 0.039092837930172875
57 0.03756550564175727
58 0.036050444698038545
59 0.03454915028125263
60 0.03306310398773543
61 0.031593772365766104
62 0.030142605468260975
63 0.02871103542174637
64 0.027300475013022664
65 0.02591231629491423
66 0.024547929212481435
67 0.02320866025105018
68 0.021895831107393484
69 0.02061073738537635
70 0.019354647317351172
71 0.018128800512565515
72 0.016934406733817416
73 0.015772644703565566
74 0.014644660940672627
75 0.013551568628929435
76 0.012494446518477021
77 0.011474337861210543
78 0.010492249381215492
79 0.009549150281252633
80 0.008645971286271903
81 0.007783603724899247
82 0.006962898649802824
83 0.006184665997806821
84 0.005449673790581611
85 0.004758647376699033
86 0.004112268715800943
87 0.0035111757055874327
88 0.0029559615522887273
89 0.0024471741852423235
90 0.0019853157161528524
91 0.0015708419435684464
92 0.0012041619030626338
93 0.000885637463565564
94 0.0006155829702431171
95 0.0003942649342761118
96 0.0002219017698460002
97 9.866357858642206e-05
98 2.467198171342e-05
99 0.0
