0 6.252848100513988
1 4.773399442589584
2 3.984700113606318
3 3.595992507820137
4 3.4067030660215463
5 3.275019896281775
6 3.1647511884849764
7 3.0906176991383196
8 3.034312611592827
9 2.9891688656741238
10 2.9563342608853054
11 2.9255592485528807
12 2.9025549230367305
13 2.8817826083619047
14 2.8634366875897026
15 2.8482434938673777
16 2.8341810036734225
17 2.820940655614355
18 2.8101936545012545
19 2.796230669218093
20 2.787873452259362
21 2.7764384960927195
22 2.767282563572957
23 2.7569466012584534
24 2.7492010736541714
25 2.737056664374076
26 2.731528055683816
27 2.722824337340896
28 2.715773082222702
29 2.7063606606109567
30 2.6978982960651727
31 2.687240606510267
32 2.68075510196152
33 2.671405885949972
34 2.66275270817711
35 2.6548139623089626
36 2.6464556996875563
37 2.6374156937056905
38 2.628685271621966
39 2.6187999049329185
40 2.6103662274358355
41 2.599998832489341
42 2.5919155785481407
43 2.5795094831416963
44 2.569925317142971
45 2.55758632065348
46 2.548460700946283
47 2.5371258788008197
48 2.5249028574914414
49 2.5152987980736015
50 2.5018703012786134
51 2.4917479558125377
52 2.4761988988546118
53 2.4641838405103984
54 2.4530908824263307
55 2.4386297842386124
56 2.427151752793725
57 2.410635015381281
58 2.3978142899537644
59 2.3852431296889858
60 2.3708588455619566
61 2.3526624101725666
62 2.337118109418225
63 2.3266998732460893
64 2.306949268806144
65 2.292400079984801
66 2.2737206153494043
67 2.2570205435951807
68 2.239313948197968
69 2.2223694167442383
70 2.206008678566358
71 2.1846574590679437
72 2.1672900935488832
73 2.146749186143637
74 2.1257528431774624
75 2.106104929306652
76 2.085626755227118
77 2.066521264646713
78 2.0413956377306275
79 2.021613615143104
80 1.9982231253966471
81 1.9742109275977173
82 1.9498881503106051
83 1.9248576232365624
84 1.8998711687814005
85 1.8753783566072488
86 1.8487357592763345
87 1.8250761108215425
88 1.7992215185848366
89 1.7767176039155164
90 1.750091564647795
91 1.7288319742376346
92 1.7087163854977783
93 1.6890245447479886
94 1.673253661496904
95 1.6575635943131706
96 1.6480003242152523
97 1.6408655274158839
98 1.6367868645681123
99 1.6344550546633108
