0 6.065302137938062
1 4.539579894270554
2 3.829877109636833
3 3.468622843463683
4 3.2920548456955
5 3.174070719452413
6 3.0751976813698128
7 3.005923267309729
8 2.953042729106859
9 2.91328828692224
10 2.8805263994766146
11 2.8524925633113893
12 2.829052626703796
13 2.8090732462725216
14 2.7929661219815722
15 2.7748695175104454
16 2.763127171192406
17 2.74918375492205
18 2.7382986601102752
19 2.726614507564498
20 2.7170147085649066
21 2.706608439609656
22 2.6951783068849
23 2.6880320448979296
24 2.679646710163758
25 2.670370751306127
26 2.660705269130895
27 2.6530860790608033
28 2.645354708803583
29 2.636336839459031
30 2.6275299765196496
31 2.6172017083623595
32 2.611243851916103
33 2.599276250736585
34 2.5927735889376606
35 2.58115256152504
36 2.5732857014507
37 2.5632132701443484
38 2.55441061604405
39 2.5430253727212135
40 2.536227675491778
41 2.524689500475155
42 2.5160456492021965
43 2.5062244750372287
44 2.4938058029532693
45 2.485738296093172
46 2.473624714673098
47 2.4615355858623182
48 2.450901249284664
49 2.439608433067688
50 2.4268086350662825
51 2.417675015397604
52 2.404921238080986
53 2.3918167927157703
54 2.3783653474245923
55 2.3647979181024446
56 2.352311426855661
57 2.338303116799448
58 2.3256864184747768
59 2.3113993429424573
60 2.2970805550742392
61 2.2821643663824758
62 2.267943904044853
63 2.253010090769059
64 2.236887951503633
65 2.2222186919693616
66 2.2056744871766467
67 2.1881805073311287
68 2.1702395808939254
69 2.1521409702782712
70 2.135554199168348
71 2.1164759485783597
72 2.098632126351544
73 2.078781123683003
74 2.0597774372152475
75 2.0418835605517134
76 2.0184948684601878
77 1.998162086014183
78 1.976141933317284
79 1.9544221850823105
80 1.9318061194281446
81 1.9093322764256846
82 1.8861277964721277
83 1.862816897746265
84 1.8381756100823132
85 1.8123544470008361
86 1.7906683421265903
87 1.7639317693418732
88 1.7421591552738895
89 1.716743776650502
90 1.6951804980054737
91 1.6750123474516676
92 1.654734358924134
93 1.6390811744130338
94 1.6227617261188618
95 1.6117405422794409
96 1.6014773546968044
97 1.5955613074992978
98 1.590702742900722
99 1.5895834382152798

