0 0.020000000000000004
1 0.04000000000000001
2 0.06
3 0.08000000000000002
4 0.1
5 0.09997266286704631
6 0.09989068136093873
7 0.09975414512725057
8 0.09956320346634877
9 0.09931806517013612
10 0.09901899829374047
11 0.0986663298624003
12 0.09826044551386744
13 0.09780178907671788
14 0.09729086208503174
15 0.09672822322997304
16 0.09611448774886924
17 0.09545032675245813
18 0.09473646649103817
19 0.09397368756032445
20 0.09316282404787869
21 0.09230476262104677
22 0.09140044155740101
23 0.09045084971874738
24 0.08945702546981969
25 0.08842005554284296
26 0.0873410738492077
27 0.08622126023955445
28 0.08506183921362444
29 0.08386407858128707
30 0.08262928807620844
31 0.08135881792367686
32 0.08005405736415126
33 0.07871643313414718
34 0.07734740790612137
35 0.07594847868906077
36 0.0745211751915254
37 0.0730670581489344
38 0.07158771761692465
39 0.07008477123264849
40 0.06855986244591104
41 0.06701465872208216
42 0.06545084971874737
43 0.06387014543809223
44 0.062274274357039965
45 0.06066498153718735
46 0.059044026716605504
47 0.057413182385592114
48 0.05577423184847931
49 0.05412896727361663
50 0.052479187733661115
51 0.05082669723831793
52 0.04917330276168209
53 0.047520812266338884
54 0.04587103272638339
55 0.0442257681515207
56 0.04258681761440791
57 0.04095597328339452
58 0.03933501846281267
59 0.03772572564296005
60 0.03612985456190777
61 0.03454915028125263
62 0.03298534127791786
63 0.03144013755408897
64 0.02991522876735154
65 0.02841228238307536
66 0.02693294185106562
67 0.02547882480847461
68 0.02405152131093924
69 0.022652592093878668
70 0.021283566865852824
71 0.019945942635848746
72 0.01864118207632315
73 0.017370711923791582
74 0.016135921418712958
75 0.014938160786375571
76 0.013778739760445552
77 0.012658926150792322
78 0.01157994445715706
79 0.010542974530180311
80 0.009549150281252633
81 0.008599558442598998
82 0.007695237378953224
83 0.006837175952121317
84 0.006026312439675552
85 0.005263533508961827
86 0.004549673247541875
87 0.003885512251130774
88 0.003271776770026963
89 0.002709137914968268
90 0.0021982109232821234
91 0.0017395544861325664
92 0.0013336701375997074
93 0.0009810017062595322
94 0.0006819348298638839
95 0.0004367965336512403
96 0.0002458548727494292
97 0.00010931863906127326
98 2.7337132953697554e-05
99 0.0

