0 5.416789047284635
1 4.419414211321659
2 4.0160745696298426
3 3.7851932888593414
4 3.627311467149253
5 3.5116233093603206
6 3.424855784302165
7 3.3591779088330522
8 3.3027809516894857
9 3.256711003061233
10 3.2165436167784747
11 3.1848080198752076
12 3.154141466549029
13 3.130964784842149
14 3.105824998961279
15 3.0844432590294866
16 3.06353960384544
17 3.0477861888780664
18 3.0321478827595483
19 3.0181131627192057
20 3.0037552343475227
21 2.993429071932909
22 2.979800951046827
23 2.9695468774709464
24 2.95520132369173
25 2.945979087994354
26 2.936768014860021
27 2.925464869933055
28 2.917300427797986
29 2.9084378942773546
30 2.8995008052108577
31 2.8904622203454684
32 2.885063276245211
33 2.8747179882708362
34 2.8667601738798822
35 2.856655947248448
36 2.8520444967331655
37 2.842365527256726
38 2.833894797900832
39 2.828936442176841
40 2.821496730808722
41 2.815215241722402
42 2.8058864469466944
43 2.798753597351613
44 2.791566481812502
45 2.7861317834327055
46 2.778244746899778
47 2.7729709610683337
48 2.7631046619500306
49 2.758785598926495
50 2.751815187332552
51 2.7436508078522683
52 2.737430672779159
53 2.7316236858722647
54 2.7239215997888926
55 2.7151122817894966
56 2.7118860868561754
57 2.7016579057945727
58 2.6974745766841184
59 2.688246195965862
60 2.6838306092602164
61 2.677502539502725
62 2.669426358332779
63 2.6619542981345052
64 2.6556990385437595
65 2.6505024674301882
66 2.6424637344018924
67 2.6358303890833734
68 2.6274756593535704
69 2.6211586295144294
70 2.617312644290112
71 2.6097490807031174
72 2.6028166430662862
73 2.5956691883697016
74 2.589362885776812
75 2.5817593200508266
76 2.575938227220832
77 2.571963864215358
78 2.5647637172646176
79 2.5598811811385436
80 2.551213242527913
81 2.5476461685325376
82 2.5435292483637264
83 2.5354447317985667
84 2.529739606618543
85 2.525229569398863
86 2.5188677749148587
87 2.5177467963718505
88 2.513652430757649
89 2.509970157354826
90 2.504988500665977
91 2.504663904190446
92 2.501225322803076
93 2.499701228058113
94 2.4950411342895893
95 2.4948706492513
96 2.49379675465493
97 2.4943127027904164
98 2.4904160333579872
99 2.4910178990832206
